0.472533 0.028261 0 0 0 0
0.472491 0.0308692 0 0 0 0
0.472363 0.0334747 0 0 0 0
0.472151 0.0360746 0 0 0 0
0.471854 0.0386662 0 0 0 0
0.471472 0.0412467 0 0 0 0
0.471007 0.0438135 0 0 0 0
0.470458 0.0463637 0 0 0 0
0.469826 0.0488946 0 0 0 0
0.469113 0.0514036 0 0 0 0
0.468317 0.053888 0 0 0 0
0.467442 0.0563452 0 0 0 0
0.466486 0.0587725 0 0 0 0
0.465452 0.0611674 0 0 0 0
0.46434 0.0635272 0 0 0 0
0.463153 0.0658496 0 0 0 0
0.461889 0.068132 0 0 0 0
0.460553 0.0703721 0 0 0 0
0.459144 0.0725673 0 0 0 0
0.457664 0.0747155 0 0 0 0
0.456115 0.0768142 0 0 0 0
0.454498 0.0788613 0 0 0 0
0.452815 0.0808546 0 0 0 0
0.451068 0.082792 0 0 0 0
0.449259 0.0846715 0 0 0 0
0.44739 0.0864909 0 0 0 0
0.445462 0.0882485 0 0 0 0
0.443478 0.0899422 0 0 0 0
0.44144 0.0915704 0 0 0 0
0.43935 0.0931312 0 0 0 0
0.43721 0.0946231 0 0 0 0
0.435023 0.0960445 0 0 0 0
0.432791 0.0973937 0 0 0 0
0.430515 0.0986695 0 0 0 0
0.4282 0.0998704 0 0 0 0
0.425846 0.100995 0 0 0 0
0.423457 0.102043 0 0 0 0
0.421035 0.103012 0 0 0 0
0.418583 0.103901 0 0 0 0
0.416103 0.10471 0 0 0 0
0.413598 0.105438 0 0 0 0
0.41107 0.106084 0 0 0 0
0.408523 0.106647 0 0 0 0
0.405959 0.107126 0 0 0 0
0.403381 0.107522 0 0 0 0
0.400791 0.107834 0 0 0 0
0.398192 0.108061 0 0 0 0
0.395587 0.108203 0 0 0 0
0.392979 0.10826 0 0 0 0
0.390371 0.108232 0 0 0 0
0.387765 0.108119 0 0 0 0
0.385164 0.107921 0 0 0 0
0.382571 0.107638 0 0 0 0
0.379988 0.107271 0 0 0 0
0.377419 0.10682 0 0 0 0
0.374865 0.106286 0 0 0 0
0.372331 0.105668 0 0 0 0
0.369818 0.104968 0 0 0 0
0.367329 0.104187 0 0 0 0
0.364867 0.103325 0 0 0 0
0.362435 0.102383 0 0 0 0
0.360034 0.101362 0 0 0 0
0.357668 0.100264 0 0 0 0
0.355339 0.0990888 0 0 0 0
0.35305 0.0978386 0 0 0 0
0.350802 0.0965143 0 0 0 0
0.348599 0.0951174 0 0 0 0
0.346443 0.0936495 0 0 0 0
0.344335 0.0921121 0 0 0 0
0.342279 0.0905067 0 0 0 0
0.340277 0.0888352 0 0 0 0
0.338329 0.0870993 0 0 0 0
0.33644 0.0853008 0 0 0 0
0.33461 0.0834417 0 0 0 0
0.332842 0.0815239 0 0 0 0
0.331137 0.0795494 0 0 0 0
0.329497 0.0775205 0 0 0 0
0.327925 0.0754391 0 0 0 0
0.326421 0.0733076 0 0 0 0
0.324988 0.0711282 0 0 0 0
0.323626 0.0689033 0 0 0 0
0.322338 0.0666351 0 0 0 0
0.321124 0.0643261 0 0 0 0
0.319986 0.0619788 0 0 0 0
0.318925 0.0595956 0 0 0 0
0.317943 0.0571791 0 0 0 0
0.31704 0.0547318 0 0 0 0
0.316217 0.0522564 0 0 0 0
0.315475 0.0497555 0 0 0 0
0.314815 0.0472318 0 0 0 0
0.314238 0.0446879 0 0 0 0
0.313744 0.0421265 0 0 0 0
0.313334 0.0395503 0 0 0 0
0.313008 0.0369622 0 0 0 0
0.312766 0.0343648 0 0 0 0
0.31261 0.0317609 0 0 0 0
0.312538 0.0291533 0 0 0 0
0.312552 0.0265448 0 0 0 0
0.31265 0.023938 0 0 0 0
0.312833 0.0213359 0 0 0 0
0.313102 0.0187412 0 0 0 0
0.313454 0.0161565 0 0 0 0
0.313891 0.0135847 0 0 0 0
0.314411 0.0110286 0 0 0 0
0.315015 0.00849072 0 0 0 0
0.3157 0.00597389 0 0 0 0
0.316468 0.00348076 0 0 0 0
0.317316 0.00101398 0 0 0 0
0.318244 -0.00142384 0 0 0 0
0.319252 -0.00383009 0 0 0 0
0.320337 -0.00620222 0 0 0 0
0.321499 -0.00853771 0 0 0 0
0.322737 -0.0108341 0 0 0 0
0.324048 -0.0130889 0 0 0 0
0.325433 -0.0152997 0 0 0 0
0.326889 -0.0174642 0 0 0 0
0.328414 -0.0195801 0 0 0 0
0.330008 -0.0216451 0 0 0 0
0.331668 -0.0236571 0 0 0 0
0.333394 -0.0256139 0 0 0 0
0.335181 -0.0275134 0 0 0 0
0.33703 -0.0293536 0 0 0 0
0.338938 -0.0311325 0 0 0 0
0.340903 -0.0328483 0 0 0 0
0.342923 -0.0344991 0 0 0 0
0.344995 -0.0360831 0 0 0 0
0.347118 -0.0375988 0 0 0 0
0.34929 -0.0390444 0 0 0 0
0.351507 -0.0404185 0 0 0 0
0.353768 -0.0417195 0 0 0 0
0.35607 -0.0429462 0 0 0 0
0.358411 -0.0440971 0 0 0 0
0.360788 -0.0451711 0 0 0 0
0.363199 -0.046167 0 0 0 0
0.365642 -0.0470838 0 0 0 0
0.368112 -0.0479205 0 0 0 0
0.370609 -0.0486762 0 0 0 0
0.373129 -0.0493501 0 0 0 0
0.37567 -0.0499415 0 0 0 0
0.378228 -0.0504497 0 0 0 0
0.380802 -0.0508742 0 0 0 0
0.383388 -0.0512146 0 0 0 0
0.385984 -0.0514705 0 0 0 0
0.388587 -0.0516417 0 0 0 0
0.391194 -0.0517278 0 0 0 0
0.393803 -0.051729 0 0 0 0
0.39641 -0.051645 0 0 0 0
0.399013 -0.0514762 0 0 0 0
0.401609 -0.0512225 0 0 0 0
0.404196 -0.0508843 0 0 0 0
0.40677 -0.050462 0 0 0 0
0.409329 -0.049956 0 0 0 0
0.41187 -0.0493669 0 0 0 0
0.414391 -0.0486951 0 0 0 0
0.416888 -0.0479416 0 0 0 0
0.41936 -0.0471071 0 0 0 0
0.421803 -0.0461924 0 0 0 0
0.424214 -0.0451985 0 0 0 0
0.426593 -0.0441266 0 0 0 0
0.428935 -0.0429777 0 0 0 0
0.431238 -0.041753 0 0 0 0
0.4335 -0.0404539 0 0 0 0
0.435718 -0.0390818 0 0 0 0
0.437891 -0.037638 0 0 0 0
0.440015 -0.0361242 0 0 0 0
0.442089 -0.0345419 0 0 0 0
0.44411 -0.0328929 0 0 0 0
0.446077 -0.0311788 0 0 0 0
0.447986 -0.0294015 0 0 0 0
0.449837 -0.027563 0 0 0 0
0.451626 -0.025665 0 0 0 0
0.453353 -0.0237098 0 0 0 0
0.455015 -0.0216993 0 0 0 0
0.456611 -0.0196356 0 0 0 0
0.458138 -0.0175211 0 0 0 0
0.459596 -0.0153578 0 0 0 0
0.460982 -0.0131482 0 0 0 0
0.462296 -0.0108946 0 0 0 0
0.463535 -0.00859929 0 0 0 0
0.464699 -0.00626482 0 0 0 0
0.465787 -0.00389365 0 0 0 0
0.466796 -0.00148829 0 0 0 0
0.467727 0.000948695 0 0 0 0
0.468577 0.00341472 0 0 0 0
0.469347 0.00590717 0 0 0 0
0.470035 0.00842338 0 0 0 0
0.47064 0.0109607 0 0 0 0
0.471163 0.0135164 0 0 0 0
0.471602 0.0160878 0 0 0 0
0.471956 0.0186721 0 0 0 0
0.472227 0.0212666 0 0 0 0
0.472413 0.0238685 0 0 0 0
0.472513 0.0264752 0 0 0 0
0.472529 0.0290837 0 0 0 0
0.47246 0.0316913 0 0 0 0
0.472305 0.0342953 0 0 0 0
0.472066 0.0368929 0 0 0 0
0.471742 0.0394813 0 0 0 0
0.471335 0.0420578 0 0 0 0
0.470843 0.0446196 0 0 0 0
0.470268 0.047164 0 0 0 0
0.46961 0.0496883 0 0 0 0
0.468871 0.0521898 0 0 0 0
0.46805 0.0546659 0 0 0 0
0.467149 0.0571139 0 0 0 0
0.466169 0.0595313 0 0 0 0
0.46511 0.0619154 0 0 0 0
0.463974 0.0642637 0 0 0 0
0.462762 0.0665737 0 0 0 0
0.461476 0.068843 0 0 0 0
0.460116 0.0710691 0 0 0 0
0.458685 0.0732498 0 0 0 0
0.457183 0.0753826 0 0 0 0
0.455612 0.0774653 0 0 0 0
0.453974 0.0794957 0 0 0 0
0.452271 0.0814716 0 0 0 0
0.450505 0.0833909 0 0 0 0
0.448676 0.0852516 0 0 0 0
0.446789 0.0870517 0 0 0 0
0.444843 0.0887894 0 0 0 0
0.442842 0.0904626 0 0 0 0
0.440787 0.0920698 0 0 0 0
0.438681 0.093609 0 0 0 0
0.436526 0.0950789 0 0 0 0
0.434324 0.0964776 0 0 0 0
0.432078 0.0978038 0 0 0 0
0.42979 0.0990562 0 0 0 0
0.427462 0.100233 0 0 0 0
0.425097 0.101334 0 0 0 0
0.422697 0.102356 0 0 0 0
0.420265 0.103301 0 0 0 0
0.417804 0.104165 0 0 0 0
0.415316 0.104948 0 0 0 0
0.412804 0.10565 0 0 0 0
0.41027 0.10627 0 0 0 0
0.407717 0.106807 0 0 0 0
0.405148 0.10726 0 0 0 0
0.402566 0.107629 0 0 0 0
0.399973 0.107914 0 0 0 0
0.397372 0.108114 0 0 0 0
0.394766 0.10823 0 0 0 0
0.392157 0.10826 0 0 0 0
0.389549 0.108205 0 0 0 0
0.386945 0.108066 0 0 0 0
0.384346 0.107841 0 0 0 0
0.381756 0.107532 0 0 0 0
0.379177 0.107138 0 0 0 0
0.376612 0.106661 0 0 0 0
0.374065 0.1061 0 0 0 0
0.371537 0.105456 0 0 0 0
0.369031 0.104731 0 0 0 0
0.36655 0.103924 0 0 0 0
0.364097 0.103037 0 0 0 0
0.361675 0.10207 0 0 0 0
0.359285 0.101024 0 0 0 0
0.35693 0.0999018 0 0 0 0
0.354613 0.0987029 0 0 0 0
0.352337 0.0974291 0 0 0 0
0.350103 0.0960818 0 0 0 0
0.347914 0.0946624 0 0 0 0
0.345773 0.0931724 0 0 0 0
0.343682 0.0916134 0 0 0 0
0.341642 0.089987 0 0 0 0
0.339657 0.0882949 0 0 0 0
0.337728 0.0865391 0 0 0 0
0.335857 0.0847212 0 0 0 0
0.334046 0.0828434 0 0 0 0
0.332297 0.0809075 0 0 0 0
0.330613 0.0789156 0 0 0 0
0.328994 0.0768699 0 0 0 0
0.327443 0.0747725 0 0 0 0
0.325962 0.0726256 0 0 0 0
0.324551 0.0704316 0 0 0 0
0.323212 0.0681927 0 0 0 0
0.321947 0.0659114 0 0 0 0
0.320757 0.06359 0 0 0 0
0.319643 0.0612311 0 0 0 0
0.318607 0.0588372 0 0 0 0
0.317649 0.0564107 0 0 0 0
0.316771 0.0539542 0 0 0 0
0.315974 0.0514705 0 0 0 0
0.315258 0.0489621 0 0 0 0
0.314624 0.0464317 0 0 0 0
0.314073 0.0438819 0 0 0 0
0.313606 0.0413156 0 0 0 0
0.313222 0.0387353 0 0 0 0
0.312923 0.036144 0 0 0 0
0.312708 0.0335442 0 0 0 0
0.312578 0.0309388 0 0 0 0
0.312533 0.0283306 0 0 0 0
0.312573 0.0257223 0 0 0 0
0.312699 0.0231167 0 0 0 0
0.312909 0.0205166 0 0 0 0
0.313204 0.0179247 0 0 0 0
0.313583 0.0153438 0 0 0 0
0.314046 0.0127766 0 0 0 0
0.314593 0.0102259 0 0 0 0
0.315222 0.00769442 0 0 0 0
0.315934 0.00518476 0 0 0 0
0.316727 0.00269964 0 0 0 0
0.3176 0.000241695 0 0 0 0
0.318554 -0.00218646 0 0 0 0
0.319586 -0.00458224 0 0 0 0
0.320695 -0.0069431 0 0 0 0
0.321881 -0.00926653 0 0 0 0
0.323142 -0.0115501 0 0 0 0
0.324477 -0.0137912 0 0 0 0
0.325884 -0.0159877 0 0 0 0
0.327363 -0.0181372 0 0 0 0
0.32891 -0.0202373 0 0 0 0
0.330525 -0.0222858 0 0 0 0
0.332206 -0.0242806 0 0 0 0
0.333951 -0.0262195 0 0 0 0
0.335758 -0.0281006 0 0 0 0
0.337626 -0.0299216 0 0 0 0
0.339552 -0.0316808 0 0 0 0
0.341535 -0.0333763 0 0 0 0
0.343571 -0.0350063 0 0 0 0
0.34566 -0.036569 0 0 0 0
0.347799 -0.0380627 0 0 0 0
0.349985 -0.0394859 0 0 0 0
0.352216 -0.0408371 0 0 0 0
0.35449 -0.0421148 0 0 0 0
0.356805 -0.0433177 0 0 0 0
0.359158 -0.0444445 0 0 0 000.361546 -0.045494 0 0 0 000.363967 -0.0464651 0 0 00.30.366419 -0.0473567 0 0 0 0
0.368898 -0.0481679 00.375600.371402 -0.0488979 0.3782010.373929 -0.04954580.380784 0.376476 -0.0501110.383354 0.37904 -0.05059280.385907 0.381618 -0.0509909 0 0 0 0
0.384207 -0.051300.390956 0.0.386806 -0.05150.393445 0.00.38941 -0.05160.395908 0.00.392018 -0.0510.398342 0.060.394627 -0.050.400743 0.0640.397233 -0.00.40311 0.065660.399834 -00.40544 0.06683370.402428 0.407731 0.0680821 0.4050110.409979 0.0694044 0 0 0 0
