0.472529 0.0282647 0.238687 179.945 -0.0533165 89.996
0.47253 0.0282602 0.238687 179.944 -0.0533577 89.9963
0.472531 0.0282598 0.238688 179.944 -0.0538324 89.9961
0.472533 0.0282592 0.238691 179.943 -0.0539769 89.9956
0.472551 0.0282605 0.2387 179.939 -0.054954 89.9957
0.472577 0.0282613 0.238581 179.948 -0.0522376 89.9972
0.472777 0.0282663 0.238336 179.938 -0.0468185 89.9982
0.472838 0.028185 0.237866 179.982 -0.0187498 89.9973
0.472996 0.0280954 0.237452 -179.999 0.0107862 90.0082
0.473265 0.0277677 0.236927 -179.989 0.101938 90.0872
0.473528 0.0277449 0.236638 179.994 0.109459 90.0972
0.473758 0.0277029 0.236406 179.978 0.103929 90.0921
0.474051 0.0274898 0.236197 179.947 0.0973515 90.0694
0.474286 0.0273118 0.236003 179.927 0.0916569 90.0513
0.474551 0.0272487 0.235671 179.915 0.0864575 90.0567
0.474783 0.0269745 0.235128 179.937 0.0889084 90.0811
0.475106 0.0268022 0.234834 179.91 0.0829303 90.1609
0.475306 0.0261851 0.234443 179.923 0.0843059 90.0932
0.475575 0.0255563 0.234124 179.913 0.0799732 90.0352
0.475841 0.0250991 0.233852 179.898 0.0760318 90.0165
0.475927 0.0247317 0.233478 179.928 0.0795732 90.1012
0.47622 0.024052 0.233202 179.909 0.0733246 90.032
0.476544 0.0238259 0.232918 179.879 0.0647574 90.014
0.476722 0.023316 0.23283 179.86 0.0591247 89.9781
0.476911 0.0226465 0.232586 179.857 0.0564319 90.0154
0.477109 0.0221753 0.232311 179.853 0.0563716 90.0411
0.477248 0.0216402 0.232022 179.864 0.0556753 90.0518
0.477526 0.0208682 0.231823 179.838 0.0423466 90.0683
0.477645 0.0204879 0.231561 179.847 0.0403142 90.0446
0.477912 0.0195754 0.231408 179.818 0.0236321 90.0837
0.478064 0.0188228 0.231324 179.804 0.017052 90.0255
0.478247 0.0182763 0.231017 179.806 0.0158326 89.991
0.478437 0.0173676 0.230794 179.798 0.0165752 90.0111
0.478504 0.0166758 0.230609 179.81 0.00456487 90.0078
0.478592 0.0157803 0.230199 179.844 0.0122906 90.0231
0.478755 0.0150212 0.230051 179.832 0.00832989 90.0416
0.479131 0.0143012 0.230008 179.761 -0.0027223 90.0863
0.47958 0.0134627 0.229626 179.702 -0.0141927 90.0104
0.479827 0.0126892 0.229486 179.665 -0.0194667 89.964
0.479988 0.0118439 0.229567 179.627 -0.0279442 90.0138
0.480161 0.0109058 0.229462 179.609 -0.0298932 89.9661
0.480322 0.0101179 0.229468 179.579 -0.030666 90.0397
0.480393 0.00921686 0.229239 179.594 -0.0264055 89.999
0.480408 0.00814798 0.2291 179.611 -0.0242285 90.0227
0.480487 0.00721124 0.228868 179.623 -0.0217019 89.9719
0.480538 0.00647547 0.228719 179.633 -0.02084 90.0349
0.480602 0.00528321 0.228652 179.63 -0.0197428 90.0174
0.480618 0.00437159 0.228656 179.628 -0.0178008 90.0192
0.480644 0.00337669 0.228644 179.625 -0.0169402 90.0652
0.480651 0.00222804 0.228429 179.65 -0.0143275 89.9715
0.480655 0.00106382 0.228368 179.656 -0.0121244 89.936
0.480666 3.98594e-05 0.228359 179.655 -0.0115563 89.9696
0.480669 -0.000906608 0.228365 179.653 -0.0109484 90.0224
0.480662 -0.00234372 0.228364 179.654 -0.00785954 90.0175
0.480659 -0.00324043 0.228366 179.653 -0.00888268 89.9619
0.480643 -0.00397785 0.22836 179.656 -0.00792773 89.9624
0.480641 -0.00514078 0.228359 179.654 -0.00730375 89.9711
0.480624 -0.00621374 0.228361 179.655 -0.006473 90.0295
0.480608 -0.00741935 0.228364 179.654 -0.00441249 89.976
0.480582 -0.00825407 0.228367 179.657 -0.00268407 90.0018
0.480556 -0.00941676 0.228358 179.659 -0.00399488 89.9177
0.480532 -0.0102713 0.228356 179.66 -0.00262363 89.9757
0.480491 -0.0112881 0.228371 179.663 -0.00131695 89.9461
0.480463 -0.0123202 0.228387 179.662 0.000638687 89.9733
0.480412 -0.0134057 0.228391 179.666 0.000704316 90.0156
0.480385 -0.0141587 0.228465 179.659 -0.00176458 89.9631
0.480331 -0.0152117 0.228531 179.656 -0.00166619 89.927
0.480276 -0.0162903 0.228926 179.616 -0.00640516 89.9349
0.480263 -0.0170068 0.22921 179.581 -0.00922525 89.9843
0.480154 -0.0179619 0.229528 179.561 -0.0117549 89.9504
0.480036 -0.0187677 0.229917 179.535 -0.0129524 90.0136
0.479975 -0.0195507 0.230156 179.514 -0.0151297 89.9613
0.47992 -0.0204593 0.230355 179.494 -0.0155311 89.891
0.479763 -0.0211628 0.230563 179.497 -0.01438 89.9771
0.47947 -0.0218379 0.230514 179.557 -0.0167581 89.962
0.479271 -0.0225679 0.230571 179.58 -0.0534431 90.0202
0.479061 -0.0234222 0.230795 179.585 -0.132523 89.9578
0.478891 -0.0237931 0.230955 179.599 -0.127341 90.0142
0.478611 -0.0248043 0.231262 179.611 -0.126513 89.9801
0.478452 -0.0252083 0.231428 179.622 -0.122136 89.9627
0.47822 -0.0259999 0.231629 179.639 -0.116717 89.9931
0.477624 -0.0268496 0.231713 179.754 -0.108761 89.9762
0.477234 -0.027521 0.232156 179.785 -0.103195 89.9845
0.477089 -0.02804 0.23246 179.771 -0.102185 90.0497
0.476887 -0.0286042 0.232758 179.772 -0.100015 90.0167
0.476635 -0.0292462 0.233018 179.783 -0.0976339 90.062
0.476392 -0.029892 0.233231 179.799 -0.0976664 90.0181
0.476207 -0.0304907 0.233405 179.808 -0.0973043 89.9675
0.475939 -0.0310828 0.233606 179.83 -0.0919112 89.9228
0.475742 -0.0312468 0.233995 179.822 -0.0934321 89.936
0.475534 -0.0319866 0.234367 179.809 -0.0917684 89.9808
0.475237 -0.0323477 0.234744 179.82 -0.0906848 89.9686
0.475075 -0.0326147 0.235205 179.794 -0.0909003 89.9502
0.474765 -0.0328676 0.235427 179.826 -0.0888634 89.9505
0.474522 -0.0333643 0.235687 179.836 -0.0878983 89.9796
0.474312 -0.033611 0.236079 179.828 -0.0888581 90.0318
0.473977 -0.0340323 0.236393 179.85 -0.08765 89.9909
0.47369 -0.0341858 0.236639 179.875 -0.0846825 89.9806
0.473408 -0.0343087 0.236953 179.892 -0.0823529 89.9755
0.473141 -0.0345524 0.23722 179.907 -0.0810903 89.957
0.472862 -0.0347678 0.237517 179.924 -0.0808699 89.937
0.472537 -0.0348416 0.237759 179.956 -0.0803077 89.9391
0.47223 -0.0348823 0.23809 179.977 -0.077655 89.9455
0.471978 -0.0349167 0.238523 179.972 -0.0773531 89.9551
0.471716 -0.0349399 0.238988 179.967 -0.0791282 89.9723
0.471266 -0.0349707 0.239228 -179.976 -0.0746659 90.082
0.470962 -0.0349777 0.239531 -179.955 -0.0726673 90.0869
0.470654 -0.0349838 0.239933 -179.945 -0.0748243 90.0864
0.470328 -0.0349958 0.240256 -179.924 -0.0722462 90.0852
0.469963 -0.0350013 0.240616 -179.899 -0.0713889 90.0821
0.469679 -0.0350031 0.241042 -179.902 -0.0727383 90.0781
0.469272 -0.035006 0.241376 -179.871 -0.0694758 90.0725
0.469341 -0.0349567 0.241736 -179.951 -0.0748634 90.0633
0.469146 -0.0348924 0.242114 -179.975 -0.0756842 90.026
0.468799 -0.0346837 0.242329 -179.935 -0.0730671 89.9211
0.468412 -0.0344694 0.242697 -179.91 -0.0718778 89.9332
0.46803 -0.0343613 0.242804 -179.86 -0.0701372 89.9271
0.467976 -0.03382 0.243155 -179.914 -0.0724356 89.8673
0.467575 -0.0335371 0.243386 -179.869 -0.0714253 89.8357
0.467153 -0.0331291 0.243711 -179.831 -0.0669073 89.8583
0.467105 -0.0326538 0.243955 -179.878 -0.0710802 89.8189
0.466653 -0.032085 0.244258 -179.835 -0.0694465 89.8182
0.466132 -0.0315039 0.244396 -179.759 -0.0648538 89.8679
0.466145 -0.0309655 0.244754 -179.851 -0.0721432 89.8838
0.46587 -0.0300322 0.24498 -179.841 -0.0705174 89.8803
0.465562 -0.0295477 0.245382 -179.863 -0.0736796 89.9114
0.465175 -0.0287347 0.245605 -179.841 -0.071884 89.9795
0.464805 -0.0279347 0.245755 -179.819 -0.0668973 89.9069
0.464601 -0.0274767 0.245839 -179.846 -0.0723416 89.8904
0.464231 -0.0263928 0.245818 -179.829 -0.0724251 89.8884
0.463766 -0.0256138 0.245844 -179.8 -0.0687457 89.9472
0.463208 -0.0247592 0.245973 -179.784 -0.067311 89.906
0.462715 -0.0239559 0.246291 -179.815 -0.0723513 89.9551
0.462311 -0.0228383 0.246624 -179.856 -0.0758892 89.9127
0.461969 -0.0217234 0.246991 -179.926 -0.0778145 89.8624
0.461576 -0.0209503 0.247072 -179.922 -0.0814067 89.9067
0.461135 -0.0195177 0.247035 -179.892 -0.0764152 89.9195
0.460706 -0.018503 0.246762 -179.857 -0.074352 89.9744
0.460143 -0.0175081 0.24653 -179.815 -0.0797593 89.9195
0.459689 -0.0160712 0.246328 -179.79 -0.0717357 89.9228
0.459359 -0.0145196 0.246732 -179.861 -0.0777063 90.0151
0.459046 -0.0136293 0.247008 -179.896 -0.0819453 89.9873
0.458473 -0.0124455 0.24721 -179.859 -0.0770366 89.9475
0.458344 -0.0112228 0.247084 -179.881 -0.0796771 89.9451
0.458098 -0.0100001 0.246657 -179.841 -0.0716936 90.0043
0.45777 -0.00897697 0.246318 -179.77 -0.0663813 89.971
0.457703 -0.00762801 0.246106 -179.784 -0.064196 90.0106
0.457453 -0.00642813 0.24611 -179.753 -0.0638039 89.9983
0.457351 -0.00540225 0.246372 -179.771 -0.0645508 89.9568
0.457191 -0.00423937 0.246496 -179.763 -0.0635042 89.9329
0.457083 -0.00295218 0.246573 -179.754 -0.0596678 90.0005
0.457036 -0.001854 0.246484 -179.735 -0.0591121 89.9721
0.457054 -0.000497532 0.246478 -179.736 -0.0590378 89.9487
0.457079 0.000806522 0.246544 -179.744 -0.0582149 90.0473
0.457368 0.00190331 0.24678 -179.814 -0.067204 90.0102
0.457927 0.00271947 0.246961 -179.915 -0.0833901 89.9221
0.458316 0.0044149 0.246906 -179.953 -0.0879688 89.9621
0.458393 0.00550573 0.246634 -179.876 -0.0750748 90.0087
0.458428 0.00652368 0.246082 -179.739 -0.0552782 89.9428
0.458479 0.00776619 0.24587 -179.654 -0.0406793 90.0388
0.458855 0.00884348 0.245693 -179.638 -0.0377687 89.9758
0.459599 0.00981494 0.245907 -179.732 -0.0532576 89.9076
0.46006 0.0111226 0.246177 -179.76 -0.0554958 90.0106
0.460433 0.0122731 0.246248 -179.73 -0.0480542 90.0012
0.460816 0.0133233 0.245909 -179.672 -0.0356102 90.0612
0.461239 0.0145682 0.245534 -179.635 -0.0310059 90.0156
0.461477 0.015386 0.245115 -179.559 -0.0183451 89.9892
0.461876 0.016399 0.245036 -179.549 -0.0119859 89.9938
0.462488 0.0171994 0.245425 -179.639 -0.0284351 89.9907
0.463322 0.0185836 0.245958 -179.777 -0.0504803 90.0209
0.463837 0.0193261 0.245931 -179.803 -0.0529041 90.0312
0.464114 0.0200202 0.245488 -179.722 -0.0432824 89.9764
0.46462 0.0209772 0.244981 -179.711 -0.0412705 90.0476
0.464978 0.0217655 0.244562 -179.679 -0.0336561 89.9777
0.465125 0.0224485 0.244513 -179.648 -0.0255503 90.0255
0.465437 0.0229842 0.24462 -179.668 -0.0283622 90.0517
0.466047 0.0237138 0.245037 -179.817 -0.0563239 90.0715
0.466481 0.0241971 0.245086 -179.881 -0.0669417 89.9981
0.466919 0.024632 0.245028 -179.931 -0.0777182 90.021
0.467412 0.0251343 0.244565 -179.956 -0.0852041 90.0274
0.46744 0.025883 0.243971 -179.864 -0.0645581 89.9715
0.467706 0.0264485 0.243498 -179.839 -0.0594436 90.0034
0.467896 0.026846 0.243362 -179.844 -0.0613652 90.0146
0.468224 0.0272708 0.24329 -179.883 -0.0684789 89.9332
0.468684 0.0278015 0.243288 -179.967 -0.0826924 89.9718
0.469161 0.0283412 0.243326 179.937 -0.100564 90.0171
0.469364 0.0288262 0.24299 179.948 -0.0975709 90.0605
0.469485 0.0290316 0.242527 -179.996 -0.088012 90.0662
0.469701 0.0291806 0.242017 -179.975 -0.084163 90.0602
0.469985 0.0297027 0.241602 -179.983 -0.0853645 90.0695
0.470468 0.029951 0.2414 179.952 -0.0978662 89.9657
0.470739 0.0303964 0.241206 179.924 -0.103915 90.0075
0.47103 0.0305321 0.240977 179.901 -0.106074 90.0142
0.470996 0.0305946 0.240619 179.975 -0.0897815 90.0213
0.471157 0.0306853 0.240102 -179.99 -0.0823291 90.0269
0.471372 0.0307545 0.239581 -179.969 -0.080495 90.0291
0.471756 0.0308687 0.23927 179.993 -0.0855576 90.0332
0.4721 0.0310247 0.238976 179.961 -0.0936481 90.0446
0.472381 0.031118 0.238679 179.94 -0.0933152 90.0496
0.472682 0.0311911 0.238512 179.902 -0.0996431 90.0534
0.473029 0.0312576 0.238216 179.87 -0.107886 90.0537
0.47329 0.0312972 0.237855 179.862 -0.107616 90.0544
0.473496 0.031318 0.23738 179.878 -0.106417 90.0558
0.473755 0.0313243 0.237032 179.868 -0.105111 90.055
0.473974 0.0312177 0.236555 179.884 -0.101344 90.043
0.474257 0.0312011 0.236259 179.864 -0.106102 90.0413
0.47451 0.0311411 0.236083 179.836 -0.108963 90.038
0.47482 0.0309888 0.235925 179.796 -0.117326 90.0303
0.475068 0.0304183 0.235577 179.795 -0.114956 90.0326
0.475286 0.0299008 0.235207 179.802 -0.112506 90.0944
0.475544 0.0295919 0.234614 179.824 -0.107144 90.0749
0.475643 0.0292689 0.234087 179.868 -0.0962935 90.0592
0.475819 0.0285045 0.233746 179.882 -0.0958062 90.0952
0.476165 0.0282502 0.23354 179.839 -0.100776 90.0985
0.476407 0.0276588 0.233436 179.812 -0.103614 90.0679
0.476654 0.0269772 0.233204 179.796 -0.105529 90.1225
0.476797 0.0261013 0.232862 179.817 -0.101075 90.0432
0.476958 0.0257663 0.232532 179.826 -0.0966842 90.0554
0.477163 0.0248736 0.232171 179.836 -0.0944132 90.0772
0.477392 0.0244413 0.231919 179.823 -0.0950527 90.0445
0.477553 0.0236796 0.231761 179.816 -0.0971639 89.9796
0.477874 0.0229969 0.231622 179.772 -0.103533 90.0396
0.478 0.0223189 0.231372 179.782 -0.101363 90.0467
0.478158 0.0215741 0.23119 179.778 -0.100016 90.0808
0.478325 0.0208822 0.230864 179.785 -0.0983226 90.0512
0.478413 0.020011 0.230657 179.797 -0.0951894 90.041
0.478576 0.0191625 0.230193 179.82 -0.0876233 90.0382
0.478782 0.0182357 0.230091 179.797 -0.0949907 89.9573
0.47939 0.0175708 0.229971 179.677 -0.110665 90.0355
0.479662 0.0167341 0.22966 179.655 -0.11529 89.9879
0.479738 0.0159723 0.229538 179.658 -0.112928 90.0579
0.479885 0.0153505 0.229459 179.641 -0.116203 90.0566
0.48005 0.014174 0.229383 179.624 -0.117874 90.0535
0.480203 0.0132458 0.229411 179.595 -0.114781 89.9731
0.480312 0.0124242 0.229317 179.587 -0.11405 89.9805
0.480364 0.0116035 0.229096 179.607 -0.108842 89.9881
0.480408 0.010827 0.228996 179.612 -0.108852 90.0325
0.480507 0.00960976 0.228689 179.632 -0.10492 89.9865
0.480533 0.00866491 0.22859 179.641 -0.10296 90.0455
0.480562 0.0073977 0.228541 179.644 -0.103513 89.9631
0.480596 0.00662067 0.228401 179.655 -0.0996315 90.0277
0.480612 0.00527313 0.228394 179.656 -0.0979213 89.9924
0.480639 0.0045733 0.228298 179.662 -0.0981728 90.0166
0.480638 0.00363403 0.228272 179.666 -0.0963226 90.0682
0.480685 0.00240183 0.22827 179.657 -0.0973301 89.9747
0.480682 0.00121057 0.228275 179.658 -0.0953078 89.9392
0.480689 8.55793e-05 0.228282 179.656 -0.0926891 89.9507
0.480694 -0.000906853 0.228278 179.655 -0.0924623 89.9979
0.480685 -0.00207211 0.228266 179.657 -0.0943226 89.9585
0.480678 -0.00318053 0.228271 179.657 -0.0938186 89.9487
0.480662 -0.00391654 0.22828 179.658 -0.0918415 89.9266
0.480652 -0.0052158 0.228276 179.658 -0.0911966 89.9452
0.480623 -0.00593433 0.228264 179.663 -0.090121 90.0117
0.480619 -0.00711871 0.228266 179.66 -0.0925861 89.9681
0.48058 -0.008122 0.228274 179.665 -0.0890824 89.9992
0.480557 -0.00918387 0.228281 179.664 -0.0870166 89.9203
0.480524 -0.0101196 0.228282 179.667 -0.087291 89.966
0.480491 -0.0111657 0.228289 179.668 -0.0878487 89.8964
0.480447 -0.0120061 0.228367 179.665 -0.0874508 89.9729
0.480424 -0.0129786 0.228471 179.652 -0.0883092 89.9176
0.480368 -0.0138634 0.228881 179.612 -0.0935676 89.9683
0.480326 -0.0146683 0.229122 179.589 -0.097131 89.9161
0.480193 -0.0156229 0.229363 179.582 -0.0957909 89.9643
0.48011 -0.0166551 0.229866 179.536 -0.100776 89.922
0.48008 -0.0173202 0.230181 179.5 -0.104264 89.9863
0.480001 -0.0179003 0.230319 179.497 -0.104458 89.9629
0.479815 -0.0189047 0.230502 179.506 -0.104123 90.0005
0.479564 -0.0198346 0.230428 179.557 -0.100886 89.9264
0.47931 -0.0203674 0.230536 179.592 -0.103299 89.9042
0.479148 -0.0213812 0.23077 179.589 -0.100412 89.948
0.478917 -0.0219503 0.231087 179.596 -0.0975127 89.9406
0.478715 -0.0227625 0.231271 179.609 -0.0964537 89.9938
0.4786 -0.0237659 0.231567 179.588 -0.10011 89.9108
0.478398 -0.0240517 0.231731 179.608 -0.0976394 89.9486
0.478 -0.0250704 0.231921 179.662 -0.0937863 89.9516
0.477852 -0.0254201 0.232325 179.643 -0.0959037 89.9279
0.477277 -0.0261295 0.23249 179.746 -0.0866359 89.884
0.476877 -0.0267628 0.232899 179.78 -0.0834538 89.9661
0.476597 -0.027317 0.233006 179.817 -0.0805826 89.9352
0.476459 -0.0276815 0.233313 179.803 -0.0835855 89.9389
0.476187 -0.0285463 0.233423 179.835 -0.0826839 89.9924
0.475969 -0.0287602 0.233789 179.832 -0.08441 89.9856
0.475787 -0.0292617 0.234167 179.817 -0.0878903 89.9658
0.475489 -0.0298517 0.234423 179.84 -0.0855511 90.0072
0.475327 -0.0301845 0.235023 179.797 -0.0896147 89.9883
0.474968 -0.0306943 0.235162 179.846 -0.0872553 89.9392
0.474765 -0.0311743 0.235523 179.837 -0.0879016 89.8955
0.47454 -0.031284 0.235863 179.839 -0.0880823 89.8972
0.47429 -0.0314435 0.236197 179.846 -0.087887 89.8935
0.473975 -0.031876 0.23647 179.87 -0.0861649 89.8654
0.47366 -0.0322868 0.236774 179.89 -0.0885581 89.891
0.47339 -0.0323905 0.237013 179.913 -0.0869064 89.9556
0.473099 -0.0325012 0.23734 179.929 -0.0879202 89.9511
0.472816 -0.0325967 0.237634 179.947 -0.0861387 89.9439
0.472461 -0.0328319 0.237886 179.983 -0.0835184 89.92
0.472228 -0.0328553 0.238245 179.984 -0.0862572 89.9209
0.471938 -0.0328977 0.238758 179.978 -0.0859116 89.9188
0.471613 -0.0329177 0.239042 -179.996 -0.0853662 89.9192
0.471189 -0.0329379 0.239447 -179.962 -0.0829316 89.92
0.470901 -0.0329354 0.239726 -179.942 -0.0862924 89.921
0.470635 -0.0329436 0.240014 -179.929 -0.084894 89.9211
0.470232 -0.0329422 0.24032 -179.891 -0.0845333 89.9225
0.469988 -0.0329485 0.240732 -179.901 -0.0854984 89.92
0.469893 -0.0329299 0.241178 -179.954 -0.0892437 89.919
0.469873 -0.0328998 0.241526 179.986 -0.0932908 89.9167
0.469472 -0.0328927 0.241955 -179.992 -0.0926905 89.9135
0.469003 -0.0327848 0.242154 -179.928 -0.08874 89.919
0.468718 -0.032628 0.242448 -179.92 -0.0878971 89.9202
0.468624 -0.0324453 0.242657 -179.949 -0.0925418 89.8826
0.46824 -0.0318498 0.243021 -179.923 -0.0882166 89.8328
0.467811 -0.0314182 0.243183 -179.863 -0.0863049 89.8732
0.467461 -0.0309678 0.243495 -179.837 -0.0848674 89.9018
0.467362 -0.0306734 0.24376 -179.88 -0.0885539 89.8737
0.466879 -0.0296619 0.244138 -179.836 -0.0852012 89.8986
0.466436 -0.029314 0.244288 -179.781 -0.0820634 89.9245
0.46648 -0.0285251 0.244599 -179.868 -0.0915801 89.9455
0.466236 -0.0279217 0.24491 -179.882 -0.091929 89.8792
0.465819 -0.0274493 0.245205 -179.866 -0.0924527 89.8754
0.465438 -0.026436 0.245398 -179.842 -0.0885036 89.8689
0.465065 -0.0259561 0.245617 -179.839 -0.089397 89.8966
0.464821 -0.0251772 0.245781 -179.861 -0.092476 89.8896
0.464307 -0.0245174 0.245699 -179.82 -0.0883418 89.8912
0.463858 -0.0236871 0.245721 -179.791 -0.0889462 89.9584
0.463353 -0.0227757 0.24576 -179.78 -0.089571 89.8967
0.462942 -0.0218601 0.246144 -179.837 -0.0928582 89.8835
0.462534 -0.0208788 0.246488 -179.888 -0.0969401 89.9097
0.462111 -0.0196886 0.246844 -179.927 -0.0984065 89.9139
0.461495 -0.0186638 0.247033 -179.911 -0.0999804 89.9464
0.461298 -0.017637 0.24687 -179.923 -0.100135 89.9079
0.460621 -0.0165799 0.24645 -179.83 -0.0915487 89.8832
0.459948 -0.0153291 0.246262 -179.77 -0.0895697 89.9635
0.459695 -0.0141992 0.24622 -179.823 -0.0950799 89.9243
0.459223 -0.012982 0.246568 -179.849 -0.0961801 89.9458
0.458692 -0.0118203 0.246982 -179.873 -0.0989816 89.9225
0.45861 -0.010882 0.247132 -179.935 -0.106886 89.9055
0.458231 -0.00960216 0.24672 -179.883 -0.0986081 89.9522
0.457745 -0.00844495 0.246405 -179.798 -0.089487 89.9931
0.45762 -0.00728338 0.246145 -179.799 -0.0931557 89.932
0.457188 -0.00597363 0.246012 -179.723 -0.0797274 89.9128
0.457253 -0.00489497 0.246107 -179.798 -0.0899768 89.9366
0.457054 -0.003587 0.246302 -179.8 -0.0894078 89.9601
0.457014 -0.00240283 0.246284 -179.796 -0.0851482 89.9303
0.456908 -0.00110822 0.246393 -179.792 -0.0855501 89.9024

0.421396 0.16175 0.245372 -179.702 0.0937639 89.9597
0.42172 0.162838 0.245285 -179.675 0.116128 89.9737
0.422287 0.1639 0.245473 -179.72 0.0875793 89.9336
